4 0.226375 0.166118 0.039250 0.233553
1 0.239625 0.248355 0.060750 0.110746
3 0.365875 0.534265 0.037750 0.042215
3 0.418625 0.612390 0.042750 0.050439
4 0.512375 0.548794 0.073250 0.288377
4 0.513250 0.343476 0.058000 0.138706
4 0.609875 0.413377 0.054250 0.292763
4 0.614250 0.313048 0.048500 0.158991
4 0.672750 0.282346 0.053000 0.395833
4 0.705375 0.480811 0.065250 0.339912
2 0.462750 0.362116 0.057500 0.178180
1 0.398125 0.128838 0.092250 0.257675
2 0.753875 0.333882 0.041250 0.061404
2 0.765875 0.407621 0.064750 0.055373