2 0.853554 0.292586 0.173611 0.134191
0 0.869485 0.211244 0.184232 0.101409
4 0.467116 0.659007 0.098448 0.227328
5 0.305556 0.696078 0.027778 0.023897
5 0.393995 0.581342 0.028186 0.012561
5 0.271446 0.887714 0.051062 0.010723
5 0.188113 0.853860 0.043709 0.018995
0 0.325368 0.492034 0.193219 0.096814
0 0.417892 0.496936 0.079248 0.088235
0 0.402369 0.498468 0.264706 0.068627
5 0.427083 0.511029 0.020016 0.012255
5 0.480392 0.509038 0.028595 0.011949
5 0.332108 0.979933 0.024510 0.026042
5 0.462418 0.372855 0.008987 0.017770