4 0.400463 0.721106 0.362434 0.256696
4 0.207837 0.575893 0.056548 0.042659
4 0.233631 0.606399 0.038029 0.017857
4 0.318618 0.712550 0.055886 0.044147
4 0.228505 0.714534 0.043651 0.010913
4 0.285384 0.712178 0.027778 0.025546
4 0.331680 0.929936 0.057540 0.044395
4 0.367890 0.907862 0.029431 0.035962
4 0.339947 0.906250 0.023810 0.022321
4 0.739749 0.697297 0.062169 0.073661
4 0.766865 0.691964 0.026455 0.056052
4 0.764550 0.643601 0.028439 0.039187
4 0.759921 0.654018 0.011905 0.020337
4 0.738261 0.643229 0.030093 0.035466
4 0.732143 0.632440 0.033069 0.041171
4 0.688823 0.606151 0.066799 0.078869
4 0.687004 0.660590 0.060516 0.029018
4 0.667328 0.682292 0.027116 0.025298
4 0.694775 0.679688 0.023810 0.012649
4 0.627149 0.648189 0.057209 0.082093
4 0.639716 0.566220 0.024802 0.023810
4 0.630291 0.597594 0.018519 0.031002
4 0.610119 0.585813 0.017196 0.027282
4 0.610615 0.573661 0.021495 0.017857
4 0.591931 0.671131 0.019180 0.033730
4 0.196594 0.400670 0.069775 0.044891